 -9.73327 -14.94256 0.95928 3904
 -5.40553 3.25490 -0.34096 3904
 -8.12335 -13.68394 -0.10236 3904
 -3.23276 6.63668 -0.45165 3904
 0.39593 -15.18751 0.90702 3904
 -11.95114 -11.65156 -0.68726 3904
 -15.21676 -1.12447 -0.73928 3904
 6.11527 -13.54589 0.85715 3904
 -14.27645 -1.19091 0.13002 3904
 2.25333 11.66250 -0.48231 3904
 3.26042 -16.41535 -0.34348 3904
 -1.22046 -0.14260 0.94547 3904
 -13.06403 8.35175 0.61585 3904
 0.79226 2.19066 0.55307 3904
 14.12894 -1.27914 -0.82172 3904
 11.33109 0.13675 0.07580 3904
 -0.20595 8.39710 -0.46067 3904
 -8.42246 12.09919 -0.07853 3904
 9.98945 -7.96076 -0.71341 3904
 -6.13796 11.33835 0.13701 3904
 -4.53563 -1.58894 0.10766 3904
 -7.56182 -3.92528 0.42009 3904
 -1.78827 15.03397 -0.22925 3904
 -4.92454 -9.19942 0.21629 3904
 14.63509 -3.02574 0.91800 3904
 7.02662 -13.37016 -0.59605 3904
 -9.42283 -3.15290 -0.18568 3904
 -3.90531 4.87945 0.16395 3904
 -5.49366 3.42577 -0.73173 3904
 6.17698 -12.50751 -0.08019 3904
 2.34497 -5.74268 0.48039 3904
 0.90306 -7.66844 0.95187 3904
 -0.32272 -15.78588 -0.25723 3904
 6.69245 -10.13338 0.75784 3904
 2.11518 5.74467 0.37958 3904
 -8.87245 -7.84625 -0.45096 3904
 3.91921 15.67359 -0.49430 3904
 14.52117 11.06723 -0.75470 3904
 -9.86738 -3.92649 -0.69371 3904
 -3.82825 -13.27206 -0.01653 3904
 11.49794 -7.92876 -0.35997 3904
 -1.32145 -15.53042 0.23237 3904
 15.71478 11.23050 0.59737 3904
 7.67420 12.47581 0.47254 3904
 2.06387 -3.17411 0.67957 3904
 -12.92536 -6.02709 0.65581 3904
 16.38428 0.05653 0.37180 3904
 10.55929 12.97784 -0.69322 3904
 0.32301 -1.24462 -0.15799 3904
 -7.25400 -0.84143 -0.82451 3904
 -1.30848 13.63456 -0.46704 3904
 -2.91215 -0.15619 0.35442 3904
 -15.22741 13.27369 -0.05601 3904
 2.43483 3.53232 -0.72517 3904
 -0.39548 -14.69245 -0.06730 3904
 15.40309 2.15458 -0.03733 3904
 8.51168 -11.08852 0.94120 3904
 0.48755 -3.82294 -0.78125 3904
 -5.95652 -0.95071 0.71618 3904
 -1.63937 16.59832 0.83586 3904
 -1.01974 7.60984 0.70911 3904
 2.06533 15.03272 -0.24464 3904
 2.21553 4.06817 0.26192 3904
 -7.05123 8.04015 0.99685 3904
 -11.04849 14.71913 0.00417 3904
 -6.15976 -0.44920 -0.39578 3904
 7.63005 -15.47171 -0.69003 3904
 -10.09674 -12.37276 0.57410 3904
 -7.77821 -14.74179 -0.55899 3904
 5.02915 -8.93264 0.43795 3904
 8.92246 -10.43435 0.65571 3904
 -3.33923 6.47717 0.20299 3904
 -12.32958 5.20232 -0.04292 3904
 -8.31820 -10.88928 0.90139 3904
 -11.05122 -7.51458 -0.90070 3904
 -14.64598 -14.79214 -0.46167 3904
 -12.65329 -5.47735 -0.61721 3904
 -3.60341 -13.81932 -0.77900 3904
 -0.74236 4.05090 0.18054 3904
 -9.72212 12.45800 -0.21285 3904
 -15.27191 8.19847 0.52402 3904
 8.84993 -12.19854 0.35987 3904
 -15.90221 -16.23834 0.29175 3904
 -9.76112 -12.78502 -0.14018 3904
 -14.35781 -11.32256 -0.08779 3904
 6.20271 -16.22338 -0.20284 3904
 6.67046 -0.23574 0.61107 3904
 0.81336 7.95366 0.70269 3904
 -4.11777 15.17841 0.91984 3904
 -1.79812 8.60240 -0.84937 3904
 3.13250 -0.10659 -0.40680 3904
 -16.28739 -15.32074 -0.68198 3904
 10.35946 -15.81918 -0.42688 3904
 13.01772 0.06971 -0.82038 3904
 15.13747 -6.69122 -0.20556 3904
 -16.09355 -9.48335 0.50030 3904
 -11.32296 -2.68645 0.33451 3904
 0.82191 -15.13432 -0.53504 3904
 -11.25011 -12.73483 0.85383 3904
 5.29083 11.50916 0.08529 3904
 5.05727 11.24506 0.50117 3904
 -6.47978 -14.15504 0.14868 3904
 -1.36425 2.51329 -0.19748 3904
 13.26541 9.36790 0.22930 3904
 0.81716 0.34450 0.98500 3904
 15.98697 -10.66063 -0.98702 3904
 9.15391 -3.81606 -0.77741 3904
 -5.59418 7.18160 -0.02208 3904
 5.48219 10.80347 -0.83603 3904
 8.87099 7.43590 0.31565 3904
 -5.95903 -8.58995 -0.49405 3904
 2.97113 -6.76812 0.23725 3904
 -6.31993 -15.62175 -0.61164 3904
 -9.31961 -12.54872 -0.13993 3904
 15.27090 -2.46524 -0.03825 3904
 4.88509 -6.11960 0.41792 3904
 -4.30091 5.12098 -0.98549 3904
 -3.71186 -7.22001 -0.83614 3904
 -11.91168 15.65371 -0.60681 3904
 12.05466 -14.90838 0.95462 3904
 8.92373 -4.06445 -0.76254 3904
 -4.27912 -16.17757 -0.04804 3904
 -14.66868 -1.99331 0.95235 3904
 8.13994 -12.81796 -0.22317 3904
 1.87215 -9.10375 -0.31624 3904
 -2.90199 7.19602 -0.01776 3904
 -11.28826 9.21916 -0.44052 3904
 9.62518 -7.82380 -0.34761 3904
 -8.47108 0.25007 0.81136 3904
 11.58643 13.36547 -0.47113 3904
 -13.10873 9.67887 0.49561 3904
 -1.33669 -11.97781 0.91260 3904
 -8.67302 5.06129 -0.25175 3904
 -14.88691 -12.26951 -0.86059 3904
 -15.59928 0.10219 0.37792 3904
 -8.30720 0.32012 -0.03448 3904
 -9.21518 -11.05253 0.72374 3904
 -16.38531 -8.87056 0.54821 3904
 8.56343 1.68409 -0.12897 3904
 1.89317 -6.56459 0.44558 3904
 11.97523 1.00642 -0.16600 3904
 15.60377 -8.37727 -0.32882 3904
 -10.41323 -12.18859 -0.08120 3904
 -8.95832 -13.67932 0.66407 3904
 -8.91569 -6.07486 -0.33974 3904
 6.14465 -1.29934 0.62037 3904
 -10.57355 -9.70006 0.68377 3904
 15.42312 -1.75007 -0.91807 3904
 10.12859 -13.90926 -0.99694 3904
 14.92207 -10.00861 0.93276 3904
 -8.97096 16.26391 0.51622 3904
 -7.29741 1.09446 -0.96547 3904
 4.86297 -13.59310 0.52114 3904
 -14.80723 10.85139 0.79401 3904
 2.69278 1.90103 -0.09673 3904
 2.74330 6.39265 0.53964 3904
 -13.93883 5.36640 0.90279 3904
 -3.58597 7.85980 0.30444 3904
 -11.42119 -7.63974 0.63734 3904
 8.05079 -4.81088 -0.85209 3904
 7.22861 -7.85725 -0.81596 3904
 -8.08041 -4.20006 0.30665 3904
 8.02032 -4.32643 -0.62860 3904
 -11.16123 15.67668 -0.57080 3904
 4.92262 9.69111 0.35309 3904
 -9.65772 -0.11292 0.54245 3904
 1.13624 -13.91387 0.60861 3904
 10.65720 8.20966 -0.92371 3904
 4.99432 16.03941 -0.78633 3904
 12.19936 13.16807 0.78006 3904
 10.76513 -4.90968 -0.44348 3904
 15.26566 3.78464 0.44382 3904
 12.43686 9.59585 -0.25430 3904
 5.15654 -10.89270 -0.08828 3904
 8.94533 -10.14642 -0.50800 3904
 1.84539 -12.91011 -0.57975 3904
 -11.97121 -6.22421 0.28704 3904
 0.80352 -3.32873 -0.11390 3904
 -11.12491 -14.21862 -0.15428 3904
 0.16556 -11.82430 0.38299 3904
 -8.72353 13.48450 0.56242 3904
 -1.17749 1.06706 0.47833 3904
 -8.83380 4.18716 -0.36244 3904
 5.17328 11.77490 0.73766 3904
 2.98790 5.75468 -0.04006 3904
 -15.84731 12.67212 -0.67982 3904
 -8.44284 2.34874 0.80498 3904
 -12.72325 -14.88599 0.00535 3904
 -1.47078 1.34992 0.66636 3904
 -10.82020 -6.86831 -0.09413 3904
 4.64722 11.33260 -0.54145 3904
 10.87521 -10.55482 -0.54890 3904
 -1.63716 12.19661 -0.82128 3904
 0.49498 -5.94273 0.86570 3904
 -14.64471 -13.70388 -0.91564 3904
 3.02654 13.74335 -0.00294 3904
 12.47797 -6.84459 -0.14454 3904
 -12.86662 -15.75407 0.82466 3904
 -12.03421 2.79812 0.39392 3904
 -7.57624 -11.71601 -0.26982 3904
 5.88417 13.15770 -0.80196 3904
 3.33129 -5.99993 -0.01191 3904
 2.98577 4.03866 -0.04490 3904
 12.18769 -16.55473 0.88288 3904
 2.10048 -4.89627 0.12329 3904
 9.42130 -4.80522 -0.45509 3904
 12.91373 11.88147 -0.88868 3904
 -0.91916 -14.58956 0.22643 3904
 -9.21483 1.76811 0.89865 3904
 -10.64827 -2.94633 0.10643 3904
 1.42353 -2.83528 -0.50591 3904
 0.70266 -10.71536 0.83063 3904
 -11.34283 -11.42526 -0.13918 3904
 -0.56202 16.54677 -0.68899 3904
 -10.23487 -4.62277 -0.72456 3904
 -15.10705 5.44194 -0.25128 3904
 -3.03383 10.35008 -0.45579 3904
 5.97373 0.05622 -0.80736 3904
 -11.69788 -16.50713 -0.32785 3904
 1.04649 15.63639 0.92577 3904
 -5.16489 12.70029 0.60281 3904
 -16.55234 -0.01824 -0.25328 3904
 9.43849 -9.09436 -0.89052 3904
 -4.22930 -8.37195 -0.04375 3904
 4.95094 3.40068 0.41647 3904
 -3.30553 -10.60625 -0.37935 3904
 -4.22801 6.00565 0.97652 3904
 -9.55936 6.13891 0.17753 3904
 -8.54330 14.32582 -0.14671 3904
 14.97520 11.48419 -0.58912 3904
 -4.24459 -13.87455 0.64430 3904
 -5.67244 -5.53515 0.23077 3904
 -1.73356 -12.88440 0.63952 3904
 -11.86582 -13.22517 0.49666 3904
 -9.33440 1.14869 -0.27398 3904
 -15.54101 14.83895 -0.26473 3904
 -6.95714 2.07735 -0.43127 3904
 8.99408 12.65958 0.37265 3904
 11.92386 -13.41309 -0.12831 3904
 -8.33711 3.48040 0.09897 3904
 14.92131 5.07505 -0.11567 3904
 7.01394 -16.42534 -0.64126 3904
 8.87159 -0.78471 -0.10913 3904
 3.39972 -5.69223 0.79782 3904
 -2.29795 6.73098 -0.54017 3904
 6.57941 15.68296 -0.90667 3904
 -12.19790 16.39798 0.94381 3904
 -3.98852 7.36324 0.58631 3904
 10.44408 -2.27245 -0.72479 3904
 -15.49702 -7.38799 0.19668 3904
 -16.06931 0.86050 0.79094 3904
 12.06055 2.75906 0.15546 3904
 3.70455 -5.56651 0.67898 3904
 13.33942 5.46551 -0.85766 3904
 -9.00232 -14.30496 0.11056 3904
 -10.29291 -15.51689 -0.87402 3904
 9.45277 3.43166 0.89381 3904
 -5.93644 1.76370 -0.35301 3904
 0.00059 5.89044 0.83697 3904
 -0.72792 -14.90213 -0.56929 3904
 0.29410 0.58184 0.00543 3904
 -4.82081 -15.05243 -0.86400 3904
 -15.24504 1.57514 0.09575 3904
 1.97376 -16.35618 0.20331 3904
 -8.84615 12.54669 0.35466 3904
 8.15122 -7.82575 0.43399 3904
 -11.97053 -12.56477 -0.87891 3904
 -9.74335 4.19139 -0.65002 3904
 11.38060 3.86614 -0.16180 3904
 7.53832 -12.76720 -0.60628 3904
 1.18054 -16.27840 0.87454 3904
 -0.50342 -7.26207 0.12145 3904
 -3.16613 14.20115 0.81431 3904
 0.80388 5.76190 0.33091 3904
 -12.99876 8.67634 -0.26740 3904
 -12.44686 5.08902 0.73008 3904
 -5.68316 4.77993 0.65618 3904
 -12.51627 -10.25757 -0.73102 3904
 -12.38586 4.29182 0.29832 3904
 -0.57853 -9.02577 -0.46456 3904
 10.61552 -2.03096 -0.30878 3904
 2.09888 -11.18853 -0.74804 3904
 4.57506 11.09327 0.27717 3904
 6.76747 -0.66634 0.37681 3904
 -3.03913 -5.39322 0.20385 3904
 4.87747 3.70430 -0.63263 3904
 16.14168 15.43847 -0.28919 3904
 -8.43504 -2.11804 0.82051 3904
 -11.84768 14.41293 -0.00835 3904
 12.06621 8.40218 -0.28528 3904
 3.55237 1.97114 -0.83801 3904
 10.90389 6.31447 0.63253 3904
 -14.21835 -0.07130 -0.30947 3904
 -16.08036 -6.93063 0.61140 3904
 7.43139 14.48127 0.41653 3904
 -13.31081 -4.24023 -0.13547 3904
 8.82073 11.25505 -0.53714 3904
 -13.37689 3.10244 0.56460 3904
 -5.94301 0.14096 0.07531 3904
 16.13197 -8.70973 -0.03402 3904
 -12.34393 13.53444 -0.35634 3904
 4.05804 2.47006 -0.63618 3904
 -9.74166 -5.75686 0.02685 3904
 -7.44775 11.34164 0.13176 3904
 7.00300 11.24427 -0.20231 3904
 -2.62668 7.07979 -0.80186 3904
 13.35009 -8.23668 -0.72718 3904
 7.35770 8.40831 -0.43831 3904
 1.82612 -1.63001 -0.77792 3904
 -4.37961 6.87961 -0.37886 3904
 -11.38760 -10.65263 -0.13333 3904
 -3.24885 1.75481 -0.16025 3904
 -0.07533 -10.24706 0.28101 3904
 6.90073 -5.87715 -0.06591 3904
 -9.55061 -10.11302 -0.10137 3904
 -13.84445 -15.22190 -0.60077 3904
 5.22251 7.72458 0.67626 3904
 -14.00747 0.10572 0.42558 3904
 -7.30192 -11.03988 -0.36921 3904
 -7.87352 4.90663 0.37356 3904
 -7.49140 -7.13389 -0.71338 3904
 11.38494 -5.28595 0.46324 3904
 -16.32391 0.63921 -0.79504 3904
 -9.88306 13.38504 0.56935 3904
 2.97405 7.59263 -0.27377 3904
 -11.98760 -1.42208 -0.55152 3904
 -0.05744 5.82462 0.71311 3904
 6.76137 -10.93341 0.45457 3904
 9.67287 -12.11749 -0.71037 3904
 -16.49530 -11.71507 0.70080 3904
 14.36313 -2.26979 0.57164 3904
 -16.11954 15.33351 -0.72967 3904
 11.84067 3.30669 -0.73274 3904
 -9.66003 16.20465 0.62289 3904
 -16.12044 10.73242 0.13191 3904
 9.65585 7.51052 0.93271 3904
 11.63091 7.98108 -0.94843 3904
 15.88340 -1.84648 0.88368 3904
 -7.63343 -16.53017 -0.14190 3904
 15.24300 -9.10837 -0.30551 3904
 -15.84063 -4.78999 -0.08838 3904
 7.18286 -11.32197 -0.83267 3904
 -14.12975 -2.48517 -0.62570 3904
 7.64441 6.92311 0.96040 3904
 -5.57919 -9.93090 -0.78776 3904
 -10.48656 -14.49376 -0.06908 3904
 7.78457 -1.17176 -0.41810 3904
 -15.33047 5.64619 0.43725 3904
 -13.84544 -4.53033 -0.72119 3904
 -15.67303 -13.94764 0.18794 3904
 1.74147 4.69408 -0.25291 3904
 -13.29836 10.69840 0.71512 3904
 -14.02152 14.25455 -0.51522 3904
 15.94220 12.93170 -0.88919 3904
 8.77973 14.87042 -0.73657 3904
 8.12550 9.43972 0.86442 3904
 -9.10784 11.46426 0.28555 3904
 11.96400 11.78262 0.10755 3904
 -8.91467 9.98405 0.51728 3904
 -14.37397 14.07625 -0.69727 3904
 4.89124 -4.40802 -0.94137 3904
 15.91716 4.08146 0.35445 3904
 -9.23311 -15.53798 -0.02896 3904
 6.05826 14.82836 -0.39676 3904
 12.67085 -16.52251 0.92236 3904
 13.59736 14.98607 0.67423 3904
 0.80045 7.36123 0.26813 3904
 15.38609 -6.50599 0.86869 3904
 0.43570 -11.95386 0.15814 3904
 -7.72571 16.41171 0.87458 3904
 4.23760 8.55833 -0.12284 3904
 -12.41600 -9.02187 -0.59494 3904
 12.41099 -2.08068 0.62426 3904
 -0.98161 14.73983 -0.37428 3904
 11.63766 0.32268 0.17295 3904
 14.12161 -16.18724 0.92602 3904
 -8.33032 3.45833 0.94062 3904
 -13.49084 -7.15334 -0.56098 3904
 10.02098 14.49126 0.22691 3904
 12.68358 -6.47285 0.66436 3904
 -1.09220 -16.39406 -0.98955 3904
 -1.78506 -11.29407 0.34393 3904
 10.63241 11.09148 0.44578 3904
 4.61367 -0.78115 -0.97594 3904
 9.96524 -9.27813 0.68202 3904
 -14.02957 14.80483 0.89914 3904
 -0.82678 12.59769 0.22454 3904
 -1.13417 8.80351 -0.84974 3904
 -1.40756 -16.02914 0.90247 3904
 5.97642 16.00295 -0.29258 3904
 14.35358 0.42286 -0.22675 3904
 12.51278 8.74091 0.99162 3904
 4.41107 3.74313 -0.21102 3904
 -4.85143 0.00027 -0.44975 3904
 0.35459 13.58803 0.08216 3904
 -11.43672 13.28003 -0.50480 3904
 8.51892 -2.94135 -0.04035 3904
 13.48432 -11.79592 -0.57243 3904
 -4.35470 -12.53237 0.31937 3904
 -10.85526 1.14698 -0.97903 3904
 6.15496 -13.12712 -0.30704 3904
 -1.22366 -14.51115 0.25642 3904
 14.71225 -6.06633 -0.13655 3904
 15.52649 -0.46608 -0.83489 3904
 11.93714 -15.31450 -0.66045 3904
 6.69449 -5.25676 0.56644 3904
 16.38835 15.31029 0.44728 3904
 0.58541 1.40752 0.75467 3904
 -8.16075 13.73819 0.20113 3904
 1.85873 -15.87744 -0.09583 3904
 -12.56782 2.35153 -0.11255 3904
 -5.06460 -6.26798 -0.60073 3904
 13.04390 -7.02256 0.11171 3904
 -11.22135 -16.37361 -0.61143 3904
 10.73242 1.90837 -0.59499 3904
 -6.58118 -7.94543 0.13735 3904
 6.21049 2.50637 0.27668 3904
 1.91042 12.04854 0.51514 3904
 -12.88923 -6.25200 -0.66800 3904
 -1.65388 -6.84482 0.33464 3904
 -2.51091 -8.11268 -0.16326 3904
 -1.03982 4.01134 -0.29311 3904
 9.94725 16.02102 -0.62161 3904
 6.58311 13.47029 -0.22105 3904
 6.01593 2.44403 -0.84996 3904
 8.96194 -13.42836 -0.62001 3904
 -3.25591 13.76123 0.16812 3904
 13.16750 -13.62800 0.42212 3904
 6.77934 -7.48166 0.87669 3904
 -0.86283 -13.84317 0.05858 3904
 -13.32701 11.52021 -0.23837 3904
 12.42830 11.13658 -0.72725 3904
 2.69182 -10.58225 0.53293 3904
 15.00245 -7.81503 -0.82092 3904
 -9.56721 -1.53532 -0.54764 3904
 0.88735 -5.15115 -0.80073 3904
 1.41304 -7.31096 -0.80763 3904
 -0.52510 16.57123 0.44593 3904
 16.12496 -9.19892 -0.69055 3904
 -16.43033 -3.29107 0.97730 3904
 -3.39110 -9.52262 0.30145 3904
 1.87392 6.95976 0.32873 3904
 -1.30165 -0.29114 0.64343 3904
 9.24695 14.19594 0.69834 3904
 -14.98295 9.24470 0.64867 3904
 12.81691 -3.49432 -0.52020 3904
 -3.24725 -4.38928 -0.93256 3904
 -10.37614 -3.17833 0.37565 3904
 -11.28675 -12.25973 0.69618 3904
 15.12513 -11.67814 -0.73599 3904
 -13.22844 -3.66274 0.02079 3904
 13.41413 -3.72675 0.54974 3904
 -6.96710 15.88077 0.32571 3904
 1.24643 12.43666 0.32081 3904
 16.53051 -7.73825 0.03439 3904
 -8.26783 16.29949 0.06578 3904
 -5.35320 -8.09166 -0.54004 3904
 8.81955 10.32410 -0.04696 3904
 -1.41490 -5.52374 -0.62786 3904
 5.16593 12.05665 -0.41720 3904
 16.27302 -6.57486 -0.00558 3904
 -11.31184 -8.45834 0.07454 3904
 -11.14247 2.97290 0.94034 3904
 8.72536 13.59465 -0.31955 3904
 -10.99458 -5.92092 0.92965 3904
 8.12833 -13.64504 -0.28681 3904
 10.96581 0.81258 -0.05105 3904
 5.25334 -11.20734 -0.12295 3904
 5.59729 -9.48348 0.00399 3904
 -9.56000 -6.82315 -0.96184 3904
 15.81050 1.66016 -0.79044 3904
 8.67447 -16.20762 -0.15874 3904
 4.63313 15.76698 -0.94416 3904
 -10.66251 -11.89096 0.30205 3904
 -11.37286 7.62247 0.24305 3904
 9.71570 -6.19739 0.34653 3904
 8.87718 -0.13738 -0.40470 3904
 4.74236 14.53041 -0.56535 3904
 -2.89407 0.76464 -0.40864 3904
 3.90684 -13.82416 0.65334 3904
 -4.77438 11.45217 -0.61764 3904
 -5.14491 -0.48912 -0.30527 3904
 15.66937 -13.50253 0.43958 3904
 2.53274 -13.90566 0.78515 3904
 15.99962 -8.23408 0.35105 3904
 -6.65553 -3.27059 0.04003 3904
 -2.48262 -12.07695 0.60182 3904
 15.56971 -14.66294 0.89412 3904
 11.84444 -1.35435 0.68300 3904
 3.62163 9.23555 0.12406 3904
 12.63690 1.62616 -0.36248 3904
 -9.87467 2.04595 0.77885 3904
 16.00486 0.24873 -0.16862 3904
 -7.63586 -14.76413 0.93208 3904
 5.88564 -15.88261 -0.90156 3904
 -13.48629 0.91399 0.26851 3904
 -10.50140 -1.84171 -0.04363 3904
 10.86458 9.66204 0.19013 3904
 14.55341 -16.27201 -0.85013 3904
 -15.85134 -9.03694 0.54374 3904
 -10.25148 16.13725 0.79354 3904
 -7.02305 13.26980 0.05821 3904
 -5.83574 -10.26641 0.17477 3904
 4.06219 15.64593 -0.26066 3904
 0.29828 -10.22378 -0.81677 3904
 3.94560 -10.50223 0.54581 3904
 -2.43501 -2.04551 0.23344 3904
 -4.76703 -4.56161 -0.52219 3904
 -8.13581 1.36291 0.03054 3904
 -8.95480 -14.01704 0.26785 3904
 -12.62330 -6.86314 0.77033 3904
 13.71595 -7.67850 0.27531 3904
 11.83405 16.34087 0.64293 3904
 15.41586 -10.03597 0.72840 3904
 -11.64477 7.61874 -0.84908 3904
 7.35199 -5.27833 -0.16243 3904
 8.10409 0.56603 0.37184 3904
 -3.52388 -12.17623 -0.41884 3904
 8.28541 9.99578 -0.82379 3904
 -8.59955 2.68694 -0.26275 3904
 7.77836 13.94622 0.42270 3904
 -13.66194 -6.04615 0.47499 3904
 -10.82691 -4.43750 0.85392 3904
 -10.73235 -9.14050 -0.46388 3904
 11.83903 -14.11619 -0.90137 3904
 -3.59699 -16.33372 -0.02604 3904
 -11.23706 7.40725 -0.73365 3904
 -15.12807 4.86833 0.80679 3904
 15.16024 4.53007 -0.78176 3904
 13.65414 2.63565 -0.94925 3904
 -8.93187 14.47825 0.41832 3904
 -12.17110 5.68549 0.22127 3904
 -12.53113 -14.41445 0.35224 3904
 0.84942 -6.93320 -0.44858 3904
 11.42743 10.06643 -0.13082 3904
 -1.31430 -13.15718 0.27544 3904
 -3.75974 -16.40806 0.10036 3904
 2.46725 -6.17713 0.27941 3904
 -16.34005 -13.90111 -0.66636 3904
 -4.08801 -14.01348 -0.96728 3904
 9.31101 9.41071 0.81068 3904
 12.36525 6.21538 -0.28902 3904
 14.10555 -4.93067 0.57644 3904
 -15.74148 -8.46980 0.58269 3904
 -7.12653 -8.31158 0.82985 3904
 7.63401 -5.71204 0.95127 3904
 8.81235 -2.50263 -0.26928 3904
 14.52340 16.18346 -0.06045 3904
 -10.30305 -5.00635 0.63437 3904
 12.69138 8.94584 0.65920 3904
 4.60338 1.30216 -0.69337 3904
 8.88959 -14.40567 -0.87799 3904
 1.61155 6.54594 -0.01738 3904
 -13.37003 -0.88755 -0.39893 3904
 -10.83255 -3.57691 -0.38682 3904
 -10.23259 -3.05476 0.26592 3904
 4.41896 -11.18981 0.42634 3904
 16.05871 12.87878 -0.86083 3904
 -16.53116 8.19268 0.97173 3904
 -5.81819 -10.32813 -0.13464 3904
 -7.42080 12.10632 -0.72658 3904
 -14.26691 -6.22452 -0.78171 3904
 -14.74297 13.35039 -0.87612 3904
 -10.66546 -2.98910 -0.59834 3904
 -8.61425 -2.77565 0.55353 3904
 8.96957 4.62531 0.79929 3904
 -0.58637 -15.40252 0.98604 3904
 -9.01542 12.73885 0.63598 3904
 -14.52463 10.10336 -0.74299 3904
 14.37474 10.21877 0.41607 3904
 -7.80063 12.47637 0.76087 3904
 -8.80086 -4.37380 -0.37099 3904
 16.23356 -15.63048 -0.54984 3904
 14.00424 -2.30513 -0.32258 3904
 3.05745 3.53142 0.90157 3904
 7.58549 11.22365 0.59672 3904
 1.89863 0.96443 -0.51433 3904
 15.98754 15.64925 0.82555 3904
 -12.44596 -6.38204 -0.70060 3904
 8.16221 -14.11903 0.92128 3904
 -0.89601 -8.10047 -0.68762 3904
 11.89301 3.27109 0.73936 3904
 11.76379 -1.94444 0.97096 3904
 9.07128 13.48981 0.35694 3904
 -8.77132 -4.07437 -0.43791 3904
 4.89467 11.77266 -0.82427 3904
 -0.08800 0.60146 0.26967 3904
 -12.38429 5.56182 0.99319 3904
 -15.22460 4.84947 -0.85076 3904
 9.92355 13.06410 0.82121 3904
 -13.23198 -8.47295 -0.52363 3904
 -9.60058 2.80548 -0.55768 3904
 -10.33842 -1.95308 0.22445 3904
 0.13492 15.51718 0.15928 3904
 2.98580 -14.96826 -0.78914 3904
 -8.16879 0.18030 -0.93550 3904
 9.80212 -9.85901 0.55869 3904
 10.35393 14.30365 0.44123 3904
 -14.85690 -0.74273 0.53870 3904
 -1.39927 5.52042 -0.62772 3904
 11.05811 -11.65310 -0.46522 3904
 13.77932 15.32488 -0.96262 3904
 8.13186 8.63553 -0.13221 3904
 -9.23819 2.16123 0.76807 3904
 7.17405 -9.35596 0.65669 3904
 -0.14474 -1.33656 0.80396 3904
 6.05267 14.49639 -0.31779 3904
 -6.22541 5.88441 -0.14340 3904
 -3.00690 8.52616 -0.09876 3904
 12.07653 4.03621 -0.14680 3904
 5.08267 -16.39058 0.40532 3904
 6.66223 -2.33356 -0.84702 3904
 -9.27047 8.58785 -0.40181 3904
 -6.74185 13.18954 0.85997 3904
 -8.38946 -16.33830 0.37748 3904
 11.39718 -9.30000 0.05974 3904
 -16.55709 5.02040 0.42096 3904
 8.31734 2.58378 -0.05467 3904
 7.04334 -11.23902 0.84765 3904
 10.02535 6.46661 0.83311 3904
 -14.34558 -13.66764 0.14965 3904
 9.83295 -14.36794 -0.45409 3904
 3.94319 -4.22906 -0.92533 3904
 -16.43325 -15.54322 -0.03326 3904
 -5.39559 -6.16819 -0.05798 3904
 -5.71224 7.84419 0.98777 3904
 13.16992 9.80914 -0.54880 3904
 -16.43334 8.38848 -0.97741 3904
 8.18447 6.29813 -0.83642 3904
 10.15762 -3.31020 -0.07694 3904
 -14.27297 -8.97253 0.48135 3904
 -3.65291 4.50625 -0.71929 3904
 -8.34189 -11.99660 0.11526 3904
 9.05888 -4.70481 -0.62030 3904
 -4.70762 -2.52410 0.30894 3904
 -9.59048 14.67734 -0.98095 3904
 -7.36903 4.20268 -0.26951 3904
 -16.45560 -4.21715 0.67332 3904
 11.38373 1.74889 0.54151 3904
 2.49302 11.54735 -0.75822 3904
 14.96544 4.42681 0.59431 3904
 -3.16492 -9.31567 -0.77048 3904
 -15.37487 -5.74844 -0.91636 3904
 5.02118 4.86201 0.90309 3904
 3.28817 -5.30525 -0.44126 3904
 9.16013 -7.68470 0.41759 3904
 -9.23927 -7.50480 0.74010 3904
 3.71865 -10.60029 -0.79313 3904
 -6.43540 -14.75064 0.82994 3904
 -2.77160 13.52392 -0.84684 3904
 -2.09501 8.87570 0.35515 3904
 -12.62083 -6.77199 0.63465 3904
 -1.63892 -15.25365 0.17195 3904
 -4.79815 13.41850 0.86462 3904
 -14.95592 12.66104 0.69420 3904
 6.95878 -16.06653 -0.09205 3904
 14.18445 -12.06529 0.78125 3904
 -14.53043 6.53564 0.11460 3904
 16.17419 -7.36899 -0.11195 3904
 -1.62522 2.13863 0.07408 3904
 -13.29572 0.96575 -0.00483 3904
 -15.93317 5.78382 -0.32699 3904
 -14.38341 11.99425 0.83525 3904
 -7.44934 12.59873 -0.25530 3904
 -10.89553 -13.45879 0.42328 3904
 -4.87985 -7.06724 0.84184 3904
 14.78940 -5.91702 0.38852 3904
 15.28056 -5.15718 -0.72115 3904
 9.55803 -15.65227 -0.24074 3904
 -5.01687 2.94101 -0.65086 3904
 2.35151 -15.78831 0.10143 3904
 -14.21863 8.03386 -0.61501 3904
 -9.96081 -14.35734 0.66622 3904
 5.35393 -16.22265 0.17133 3904
 3.96985 -10.88973 0.56035 3904
 15.64033 -5.16958 0.05684 3904
 15.60803 -9.64385 -0.15689 3904
 0.60386 -2.78952 0.31471 3904
 -7.10877 -14.88088 0.23943 3904
 9.55167 7.29595 -0.04115 3904
 -13.69525 10.67676 0.17829 3904
 11.81684 -6.55734 -0.70972 3904
 -0.35671 4.44201 -0.31472 3904
 0.91787 16.47613 -0.28726 3904
 -15.41875 -12.45787 0.51039 3904
 -9.63496 9.33609 0.47152 3904
 14.01665 -16.55301 -0.14868 3904
 -1.57626 -2.32353 0.88808 3904
 -7.79160 5.37792 -0.34603 3904
 -2.01633 0.62242 0.51469 3904
 0.06806 6.54953 0.42100 3904
 -2.69152 -11.43483 -0.27925 3904
 13.10244 10.25228 0.92368 3904
 14.70944 -0.50226 0.06834 3904
 -2.47093 11.97016 -0.11138 3904
 6.19821 11.09374 0.64623 3904
 1.56053 5.91954 0.75419 3904
 -5.31567 -6.76810 0.25460 3904
 10.56366 -3.13971 -0.99591 3904
 2.41540 -0.12782 0.19730 3904
 -7.11508 14.90632 -0.48275 3904
 -0.42173 7.35318 -0.86477 3904
 -10.76007 0.96959 -0.90727 3904
 -3.17613 -10.06897 -0.14481 3904
 14.93675 12.86645 -0.76134 3904
 -7.08349 7.02752 -0.61805 3904
 -15.72963 -3.86314 0.64239 3904
 -5.50955 -14.85316 -0.01756 3904
 4.58160 0.80875 0.62204 3904
 6.76478 -2.29067 -0.80590 3904
 13.92325 10.36231 0.98683 3904
 15.30431 2.45852 0.90892 3904
 -3.22698 -3.59971 -0.97597 3904
 6.38284 -7.97694 -0.64283 3904
 15.25129 -4.14130 -0.39583 3904
 10.71188 10.13935 -0.16148 3904
 2.32558 12.17536 -0.89539 3904
 -12.84546 -6.40138 0.68284 3904
 -12.00081 5.09187 0.37667 3904
 1.72980 -3.02722 0.75868 3904
 -8.47478 13.83616 -0.32835 3904
 -13.64136 -4.81165 0.80839 3904
 -9.87036 -6.73547 0.70333 3904
 -5.15932 1.53417 -0.37947 3904
 1.83671 9.19130 0.75543 3904
 2.37490 13.04193 0.38030 3904
 -7.86110 -12.71052 -0.18899 3904
 -15.86610 -12.30684 0.17386 3904
 -8.14508 -10.17919 -0.53390 3904
 4.59612 -7.66385 -0.69995 3904
 -13.08442 -14.97402 -0.55801 3904
 7.81764 -2.11366 0.18333 3904
 9.08544 10.06607 -0.55579 3904
 16.39811 5.18474 0.11095 3904
 6.53483 -0.30053 0.20752 3904
 10.20325 14.68262 -0.33814 3904
 11.15405 5.58960 -0.67160 3904
 1.05470 2.11833 -0.13334 3904
 -11.22332 10.59030 -0.66390 3904
 -13.44820 -13.13181 -0.22691 3904
 0.49160 9.92501 -0.40452 3904
 -11.40818 14.61030 0.39249 3904
 -3.55335 -12.11633 0.71271 3904
 -5.46917 -11.17316 0.41439 3904
 -2.38522 -2.87273 0.83624 3904
 -15.10749 -8.83450 -0.06415 3904
 -16.56784 7.51574 -0.96706 3904
 12.73499 16.08645 0.38385 3904
 7.87454 -6.85078 -0.17523 3904
 -16.17077 6.27797 -0.25808 3904
 -13.06795 -3.96131 -0.29611 3904
 3.52025 -4.35147 -0.81021 3904
 -1.52804 -7.24333 0.07254 3904
 -10.84587 0.95083 0.90152 3904
 6.74497 13.37065 -0.98166 3904
 13.95830 12.60756 0.91650 3904
 1.24498 -8.81181 0.31644 3904
 0.15769 15.61176 0.97146 3904
 -9.18190 -14.11552 -0.58996 3904
 -14.36851 13.25683 0.59649 3904
 -2.37108 15.31994 0.29768 3904
 5.02201 -5.34041 0.68060 3904
 -11.68536 -15.37320 -0.75289 3904
 6.59062 0.40932 0.97141 3904
 -8.16101 -12.95079 -0.96563 3904
 -10.02464 -7.74933 -0.58939 3904
 -3.83849 4.04781 0.62359 3904
 8.33008 8.41100 -0.86786 3904
 -12.11930 -1.75164 -0.97422 3904
 -9.11863 8.27921 -0.83205 3904
 -12.93693 -12.36479 -0.88244 3904
 -13.48391 3.67452 0.73303 3904
 8.41825 -10.84421 0.19540 3904
 -14.80639 10.61683 -0.77535 3904
 -3.57747 10.39504 0.02722 3904
 4.99237 -8.12285 0.54666 3904
 2.38267 14.91286 -0.38978 3904
 0.99090 11.29834 0.66618 3904
 12.48530 6.30577 0.46709 3904
 -7.03550 12.36821 -0.90125 3904
 -5.04439 -14.89455 -0.58248 3904
 8.34915 -15.54147 0.42259 3904
 9.98018 6.62616 0.47527 3904
 -13.83687 -1.46069 -0.65454 3904
 -5.56132 -3.29221 -0.83918 3904
 14.40276 0.36628 0.15867 3904
 -7.66116 -3.08633 -0.12079 3904
 14.59332 1.39189 -0.57887 3904
 6.99338 -14.49220 -0.08807 3904
 -8.05671 3.46589 0.36163 3904
 13.11958 6.54513 0.90217 3904
 -12.74103 8.02710 -0.74191 3904
 -6.08373 -6.91872 -0.93436 3904
 3.03661 11.30433 0.78907 3904
 -6.29300 -8.07014 0.90419 3904
 6.38011 -3.50532 -0.24011 3904
 10.61263 3.03572 -0.06560 3904
 -6.60042 -2.41868 0.69263 3904
 -1.55224 -2.34536 -0.82018 3904
 -2.88803 15.53962 0.09640 3904
 10.04577 8.07088 -0.71034 3904
 15.80687 12.90254 -0.19232 3904
 -3.80168 -2.30390 0.01986 3904
 -3.97454 -9.84504 -0.48363 3904
 15.36497 13.35096 0.85154 3904
 4.54750 8.57761 0.16070 3904
 -0.59497 8.47589 -0.38576 3904
 14.25012 -6.65348 0.27038 3904
 -7.46788 -3.46991 0.77598 3904
 -15.87191 -15.24347 -0.15159 3904
 -14.44795 -14.65853 0.79232 3904
 15.70622 -10.17884 0.95612 3904
 13.59843 -14.53652 -0.41223 3904
 3.44543 0.08297 -0.78205 3904
 4.07718 13.93185 0.11013 3904
 1.14325 -12.22075 -0.15485 3904
 -4.64864 5.50643 0.97453 3904
 10.56604 -0.44588 -0.33587 3904
 13.83509 -3.08401 0.41978 3904
 -5.19493 -13.84184 0.59073 3904
 3.75639 2.35725 -0.89233 3904
 -2.28159 -3.30686 -0.67994 3904
 3.80710 7.62960 -0.66588 3904
 10.26282 10.36532 0.98069 3904
 -12.66584 6.04491 -0.24916 3904
 11.12124 5.22334 -0.34304 3904
 -14.24641 -3.58221 -0.09292 3904
 -13.29225 7.99203 -0.25198 3904
 -0.47946 2.58738 0.88158 3904
 7.30885 1.00348 -0.20592 3904
 -13.72427 5.52122 0.11329 3904
 -14.10337 7.60553 -0.97448 3904
 13.85528 -1.59547 -0.00767 3904
 -7.88305 -8.79225 0.16494 3904
 16.35173 12.61504 -0.77034 3904
 -2.06970 4.07338 0.57823 3904
 0.34168 14.67945 0.82931 3904
 -6.79890 14.56341 -0.40606 3904
 8.33274 15.73531 -0.39494 3904
 -11.15628 6.67301 -0.18938 3904
 9.74609 -13.31985 -0.00036 3904
 0.74910 -0.58649 0.33327 3904
 0.39313 8.86535 -0.73826 3904
 5.74756 -4.17402 -0.85805 3904
 5.36846 15.67403 -0.71135 3904
 -13.87935 -10.08910 0.14743 3904
 -14.43268 -15.24308 0.61686 3904
 14.10425 -13.45271 0.09334 3904
 8.20527 11.52704 0.09223 3904
 -9.04525 -4.46799 0.39960 3904
 8.90684 -7.21784 -0.22749 3904
 1.99081 -4.49656 0.61178 3904
 -0.90568 14.30700 -0.43031 3904
 6.26555 -9.97265 0.69942 3904
 -8.56948 -10.74731 0.97874 3904
 4.91671 12.90836 0.94982 3904
 14.34491 6.33970 -0.64004 3904
 14.78810 -8.11647 -0.83594 3904
 6.81650 13.49796 0.21292 3904
 -4.98774 -5.10399 -0.02019 3904
 -9.87328 -6.36370 0.43276 3904
 -5.99959 -12.28663 -0.56836 3904
 14.94715 -4.90298 0.16518 3904
 8.92653 -15.41249 0.49904 3904
 2.03316 -10.00747 0.47727 3904
 10.85226 8.73227 -0.16151 3904
 7.55088 -4.08319 -0.81977 3904
 -14.73344 -11.36571 -0.80814 3904
 -2.64651 2.02991 0.54851 3904
 11.08429 12.15813 0.45456 3904
 3.86755 3.91888 -0.24154 3904
 10.18136 16.08851 0.83604 3904
 14.28257 3.68390 -0.64353 3904
 11.37546 11.54862 -0.62740 3904
 8.13234 -4.69820 -0.96002 3904
 -7.52766 -11.52491 -0.42459 3904
 9.90288 10.48908 0.38190 3904
 5.25414 10.24303 0.18945 3904
 8.56497 -7.94668 -0.77734 3904
 -1.74480 -4.28455 -0.31904 3904
 -3.85360 -12.24298 0.66128 3904
 -7.07357 -10.75522 0.99310 3904
 -5.17122 0.90521 -0.79300 3904
 -13.72999 9.58137 -0.56849 3904
 -11.13052 11.76384 -0.70189 3904
 -9.58763 -15.82974 0.06174 3904
 -7.41516 -13.89665 -0.38337 3904
 -14.95521 -0.11469 -0.82883 3904
 11.36202 0.89187 0.20984 3904
 7.06347 2.91082 0.53275 3904
 4.13527 10.51678 0.95638 3904
 16.26652 -2.24889 0.86022 3904
 16.41916 -8.88942 -0.53782 3904
 2.56303 5.92891 -0.16974 3904
 -3.37201 -13.19658 0.99602 3904
 -8.09435 -14.35996 -0.59589 3904
 9.41621 -12.77008 0.69043 3904
 6.21029 -6.14312 -0.13922 3904
 -6.68873 -16.12212 0.81793 3904
 9.71294 14.96128 -0.90413 3904
 -11.98270 4.62846 -0.28707 3904
 -1.36519 -9.77801 -0.97986 3904
 2.61129 -11.32961 -0.48853 3904
 15.60052 -11.35470 0.20963 3904
 -3.18312 16.34124 0.09298 3904
 -9.54647 -2.47265 -0.53372 3904
 -1.30192 12.69519 -0.85037 3904
 11.49844 -11.22250 0.76223 3904
 15.47281 -12.43516 0.80039 3904
 7.05450 0.51789 0.64273 3904
 5.04608 12.14877 0.19406 3904
 13.06327 -13.11398 -0.81181 3904
 0.77352 10.09492 0.65036 3904
 -0.00032 -5.21429 0.04668 3904
 -1.03639 11.98776 0.64634 3904
 1.53535 -13.28635 -0.70045 3904
 -11.57641 -15.42642 0.64268 3904
 2.51099 -3.11188 0.83071 3904
 16.18319 8.89141 0.80430 3904
 3.18309 -8.25695 0.21516 3904
 9.64727 -3.07604 0.48683 3904
 -9.37380 0.77326 0.77194 3904
 -14.73030 0.99312 -0.33290 3904
 15.69989 -6.72367 -0.70089 3904
 7.36558 -9.37879 0.45619 3904
 14.25566 16.41614 0.95682 3904
 -0.87283 -9.15593 0.59021 3904
 12.71319 -9.46794 0.56484 3904
 3.92651 16.16635 -0.03755 3904
 -4.56599 0.47351 -0.01163 3904
 15.37961 -6.37938 -0.69572 3904
 -14.12234 4.70028 0.72116 3904
 -5.17683 13.49174 -0.94654 3904
 -13.12686 11.93690 -0.04392 3904
 -1.88043 -10.93954 -0.35578 3904
 13.64566 0.67196 -0.10531 3904
 10.91876 -15.13157 0.78436 3904
 3.47424 -7.40690 -0.97828 3904
 -1.95955 -2.06144 -0.15474 3904
 -9.42974 -10.03782 -0.90113 3904
 -14.73517 6.59702 -0.35332 3904
 0.95832 -14.41520 0.06616 3904
 -0.33834 -9.05904 0.88853 3904
 -7.30518 12.97070 -0.08313 3904
 9.06361 -9.95131 0.26440 3904
 -8.19635 -4.25649 -0.58994 3904
 6.27729 -9.86330 0.26901 3904
 -10.02465 2.47689 -0.18601 3904
 -11.43840 -16.10887 0.23042 3904
 -15.18904 -5.17193 0.81945 3904
 -13.28183 -4.40361 -0.22673 3904
 1.69521 15.46894 0.22228 3904
 16.41555 -3.15572 0.89594 3904
 2.45889 -1.09822 0.16317 3904
 9.71313 6.17658 -0.42433 3904
 2.21938 10.13257 -0.40776 3904
 14.05492 -5.54103 0.08640 3904
 1.10290 -14.43936 0.56028 3904
 -3.54551 6.56680 0.91265 3904
 0.77156 -5.39244 -0.28570 3904
 2.88380 -11.89997 0.77455 3904
 -15.18186 -12.37272 -0.58741 3904
 -9.22163 15.03794 0.37171 3904
 -5.03221 15.22159 0.20043 3904
 1.88429 4.21354 0.14229 3904
 -8.70416 -8.12104 -0.27181 3904
 11.24227 14.61702 0.49440 3904
 3.38105 -6.32355 -0.65692 3904
 12.19912 1.50820 0.05764 3904
 -8.22926 -10.47361 -0.18571 3904
 10.72981 -5.98675 0.68065 3904
 -2.48700 2.76635 -0.37898 3904
 -10.27786 -8.20079 -0.29179 3904
 15.10721 5.98898 0.33295 3904
 15.84726 10.18477 0.05952 3904
 -8.44042 11.25282 -0.65987 3904
 13.97740 0.10422 -0.18820 3904
 10.10122 -1.47218 -0.82250 3904
 -4.02241 14.81684 -0.33523 3904
 -5.02452 11.88971 -0.38053 3904
 -14.88183 1.55752 0.09987 3904
 -1.72232 1.75988 -0.56298 3904
 6.57113 -8.54559 0.27887 3904
 12.34239 7.39373 0.23108 3904
 -6.05173 -16.11136 -0.51824 3904
 7.64898 1.78748 0.68137 3904
 -7.45364 -9.06867 0.83321 3904
 11.62112 -7.17082 0.40751 3904
 -0.64773 2.64871 0.70253 3904
 11.11760 -12.71277 0.89512 3904
 -6.20294 -9.47385 0.77265 3904
 -12.34513 -0.38314 -0.20038 3904
 8.67889 7.43918 0.17655 3904
 -13.77611 -11.77762 0.99815 3904
 -14.27282 -0.35146 -0.68305 3904
 -11.60666 -0.18239 -0.77186 3904
 15.13262 16.06512 0.72988 3904
 -11.85968 13.14384 -0.74039 3904
 -5.79061 -13.15116 0.41586 3904
 7.09838 9.64062 -0.64687 3904
